1	110
10	1878
100	43325
101	270
102	657
105	2
106	1117
107	67445
108	519
109	15
11	314
111	10
112	5740
113	47039
114	50142
115	42
116	8089
117	1128
118	22
119	975
12	629
120	77
121	787
122	481
123	801
124	618
125	16099
126	742
127	1902
128	192
129	4590
13	20350
130	3973
131	709
132	134236
133	1006
134	937
135	625
136	661
137	45340
138	79843
139	566
14	1856
140	72417
141	82251
142	103746
143	41684
144	37135
145	6854
146	3683
147	575
148	44771
149	579
15	161
150	305
151	29053
152	4586
153	220
154	60
155	1045
156	12
157	1100
158	31146
159	1543
16	327
160	660
161	138219
162	102935
163	81077
164	65573
165	1098
166	19337
167	1225
168	2601
169	1011
17	3833
170	87280
171	354
172	25
173	651
174	863
175	217
176	18
177	2655
178	304
179	3602
18	1002
180	564
181	4425
182	1343
183	259
184	19
185	673
186	104586
187	10
188	4053
189	1823
19	401
190	280
191	1082
192	302
193	2013
194	132
195	1243
196	1029
197	2444
198	1991
199	3
2	3
20	483
200	472
201	272
202	643
203	489
204	1
205	1401
206	17
207	143
208	653
209	7000
21	632
210	1029
211	26358
212	835
213	1509
214	62
215	1494
216	3230
217	748
218	1065
219	932
22	829
220	893
221	71
222	1056
223	3142
224	9066
225	4469
226	7085
227	818
228	1875
229	57113
23	31
230	99940
231	46294
232	11356
233	36551
234	89555
235	1275
236	144499
237	151462
238	67561
239	91676
24	10650
240	151
241	957
242	791
243	4128
244	9116
245	12
246	59538
247	1491
248	828
249	75665
25	4063
250	846
251	20
252	319
253	19
254	1387
255	8718
256	6671
257	653
258	1156
259	769
26	1234
260	2747
261	14165
262	51528
263	69659
27	8
28	1234
29	629
3	470
30	23
31	82
32	666
33	4617
34	577
35	2738
36	4171
37	6662
38	383
39	3208
4	15543
40	1528
41	16912
42	13028
43	40826
44	1
45	8065
46	52
47	827
48	77927
49	3622
5	3
50	23183
51	1443
52	1397
53	336
54	409
55	1535
56	1119
57	60
58	61
59	33
6	87
60	703
61	6699
62	2036
63	1481
64	148
65	4083
66	4127
67	466
68	85306
69	1760
7	9323
70	6783
71	2168
72	2589
73	170
74	15185
75	28950
76	5345
77	1369
78	1087
79	95866
8	38
80	5643
81	712
82	2663
83	1065
84	2
85	1560
86	1075
87	23002
88	11471
89	3988
9	174
90	51664
91	2321
92	1225
93	409
94	454
95	2348
96	86
97	5172
98	237
99	1
