1	110,10284.60,1186.50,12012.93,93.50,1.60
10	1878,90019.89,8241.48,106621.78,47.93,9.40
100	43325,765928.84,113584.13,1139345.02,17.68,2.45
101	270,10366.58,40.65,11663.27,38.39,10.43
102	657,18371.05,159.28,20646.40,27.96,4.84
105	2,83.70,20.14,120.84,41.85,10.47
106	1117,34613.76,510.64,41068.55,30.99,5.66
107	67445,1104775.40,147231.66,1644577.34,16.38,2.28
108	519,19076.80,17.92,19947.23,36.76,8.91
109	15,1000.43,5.00,1197.82,66.70,11.98
11	314,10423.04,29.47,11096.06,33.19,7.83
111	10,395.49,4.00,450.59,39.55,6.00
112	5740,160547.19,3197.99,198179.58,27.97,4.64
113	47039,783848.86,109674.46,1167283.25,16.66,2.14
114	50142,879624.94,109383.80,1281871.99,17.54,2.38
115	42,1840.62,0.00,2259.00,43.82,8.00
116	8089,216340.86,4496.63,256660.09,26.75,5.34
117	1128,51655.89,43.97,54414.35,45.79,12.85
118	22,996.86,17.99,1304.01,45.31,10.55
119	975,30955.40,97.33,33876.33,31.75,6.63
12	629,17497.58,1837.19,23051.42,27.82,4.56
120	77,2557.95,12.37,2909.13,33.22,6.66
121	787,26215.79,147.96,29846.73,33.31,7.73
122	481,17309.16,19.93,19117.79,35.99,8.35
123	801,23358.25,70.81,24900.11,29.16,6.05
124	618,21532.35,397.32,24157.24,34.84,7.36
125	16099,316085.39,37640.61,449243.72,19.63,2.74
126	742,22168.99,111.41,24903.96,29.88,6.57
127	1902,58436.06,574.10,66365.07,30.72,7.13
128	192,6989.51,99.01,8005.22,36.40,8.26
129	4590,135564.18,5755.41,162884.68,29.53,4.87
13	20350,512626.04,61012.88,703855.69,25.19,4.28
130	3973,120119.19,2328.58,135887.92,30.23,6.74
131	709,24314.70,133.84,27200.38,34.29,7.77
132	134236,7966462.87,1195291.29,10330924.42,59.35,14.82
133	1006,33635.20,188.34,39010.39,33.43,6.52
134	937,35947.82,1999.85,41221.67,38.36,5.89
135	625,19265.24,161.54,22089.72,30.82,6.69
136	661,22107.22,33.20,23996.18,33.45,8.05
137	45340,786911.00,77975.66,1127130.26,17.36,2.76
138	79843,3450979.72,744006.32,5450301.05,43.22,9.38
139	566,22530.95,43.79,24480.56,39.81,10.75
14	1856,65048.83,543.64,73626.20,35.05,8.24
140	72417,1238003.69,171348.91,1793402.87,17.10,2.61
141	82251,1224499.02,180296.09,1840070.23,14.89,2.10
142	103746,1580249.81,272163.01,2415564.01,15.23,2.18
143	41684,707019.75,81871.85,1013268.93,16.96,2.38
144	37135,715424.30,75479.03,1009405.43,19.27,2.61
145	6854,205135.40,9231.98,252959.22,29.93,5.01
146	3683,93038.97,3863.56,113598.25,25.26,4.21
147	575,19030.92,8.42,21146.82,33.10,7.18
148	44771,914107.06,78903.02,1255447.30,20.42,3.11
149	579,16890.34,95.61,18055.26,29.17,6.13
15	161,5731.45,44.72,6602.98,35.60,8.36
150	305,10329.31,22.29,10994.30,33.87,8.18
151	29053,500898.75,56496.22,684943.05,17.24,2.73
152	4586,112992.12,2919.07,135097.38,24.64,4.62
153	220,7229.34,54.02,7927.70,32.86,7.95
154	60,1930.67,112.45,2255.98,32.18,6.45
155	1045,31344.66,160.18,33943.13,29.99,6.17
156	12,739.81,0.00,787.90,61.65,13.38
157	1100,35483.71,1830.80,42443.85,32.26,4.95
158	31146,613889.12,66290.38,868414.46,19.71,2.59
159	1543,43853.01,114.30,49230.86,28.42,6.03
16	327,11287.11,49.08,12646.79,34.52,8.49
160	660,19838.62,445.15,23141.30,30.06,5.47
161	138219,2421677.66,405133.82,3674687.04,17.52,2.25
162	102935,1706307.55,304982.58,2632411.46,16.58,2.22
163	81077,1361729.20,234627.15,2083413.49,16.80,2.29
164	65573,1145960.89,160179.13,1709054.01,17.48,2.39
165	1098,32554.17,87.77,35225.09,29.65,6.07
166	19337,405170.50,31709.03,520973.90,20.95,3.43
167	1225,37149.81,83.82,41172.96,30.33,6.59
168	2601,73026.18,491.14,83399.76,28.08,5.83
169	1011,29778.53,26.57,32579.87,29.45,6.53
17	3833,116332.10,1429.96,131398.44,30.35,5.41
170	87280,1466718.51,218073.99,2201859.39,16.80,2.33
171	354,10810.93,91.11,12376.20,30.54,7.12
172	25,1050.22,29.00,1253.53,42.01,7.05
173	651,16419.69,88.97,18856.98,25.22,4.93
174	863,30095.88,30.24,33243.50,34.87,8.88
175	217,7636.08,59.95,8631.19,35.19,8.44
176	18,648.02,14.10,759.96,36.00,7.36
177	2655,85924.28,174.03,94363.93,32.36,6.52
178	304,8826.98,49.30,9713.68,29.04,5.68
179	3602,101866.31,1716.60,123378.29,28.28,5.31
18	1002,34487.85,56.40,37411.10,34.42,8.57
180	564,16027.31,200.35,17954.95,28.42,5.80
181	4425,140747.26,3042.17,164555.79,31.81,5.64
182	1343,47162.76,725.01,52877.87,35.12,8.79
183	259,8650.94,37.90,9706.80,33.40,9.21
184	19,699.75,17.95,794.01,36.83,9.79
185	673,23403.10,36.23,25893.24,34.77,8.64
186	104586,1758329.85,313932.72,2668669.76,16.81,2.25
187	10,313.03,12.74,378.53,31.30,6.60
188	4053,122718.52,946.65,136194.99,30.28,5.72
189	1823,57777.13,1232.10,66486.51,31.69,5.42
19	401,15723.30,118.46,17520.44,39.21,9.53
190	280,8616.31,203.69,9960.64,30.77,5.49
191	1082,40569.67,90.56,44944.56,37.50,9.80
192	302,9578.27,168.17,10849.88,31.72,6.63
193	2013,54713.91,1208.70,65503.93,27.18,4.81
194	132,6576.91,719.27,8243.80,49.83,5.59
195	1243,46853.86,2268.36,56009.54,37.69,7.26
196	1029,32611.00,801.02,37776.48,31.69,6.07
197	2444,83190.87,2757.68,94603.97,34.04,5.79
198	1991,56356.21,711.00,64826.43,28.31,4.62
199	3,191.90,28.82,251.39,63.97,10.00
2	3,157.30,15.34,193.81,52.43,12.08
20	483,15496.00,69.88,17280.46,32.08,7.70
200	472,17325.50,237.84,20137.47,36.71,8.95
201	272,12259.16,28.04,12933.55,45.07,12.76
202	643,21174.32,505.64,24574.00,32.93,6.28
203	489,21537.03,209.67,23683.19,44.04,12.36
204	1,86.50,0.00,124.99,86.50,25.78
205	1401,52024.76,63.94,57271.86,37.13,9.47
206	17,951.40,13.65,1062.83,55.96,13.12
207	143,8449.31,1315.36,10561.01,59.09,5.38
208	653,22765.58,108.09,25672.58,34.86,8.35
209	7000,171413.76,13291.11,225907.27,24.49,4.33
21	632,20292.42,43.86,21798.20,32.11,7.37
210	1029,35510.59,35.79,37677.63,34.51,8.18
211	26358,510780.39,57318.34,723780.83,19.38,2.51
212	835,25924.31,60.19,29416.07,31.05,7.17
213	1509,49085.61,152.75,54231.21,32.53,7.71
214	62,2631.09,34.62,3225.06,42.44,8.27
215	1494,56538.15,2501.43,65147.04,37.84,8.38
216	3230,150297.41,13609.87,173327.48,46.53,4.96
217	748,21690.62,227.48,24216.59,29.00,4.88
218	1065,39718.41,66.86,43185.35,37.29,9.86
219	932,43270.27,2930.56,49835.34,46.43,9.93
22	829,26359.01,54.86,28307.66,31.80,7.14
220	893,29341.43,354.70,33496.80,32.86,7.73
221	71,2871.67,74.71,3768.31,40.45,8.70
222	1056,37215.83,45.43,39607.04,35.24,8.41
223	3142,100864.33,5766.59,125606.76,32.10,5.48
224	9066,176206.65,9028.88,239033.04,19.44,2.90
225	4469,144850.05,1066.06,162615.81,32.41,5.73
226	7085,225210.90,12930.77,271821.96,31.79,5.00
227	818,25087.00,130.05,27900.20,30.67,6.29
228	1875,61848.98,706.42,71106.11,32.99,6.75
229	57113,909881.59,135011.33,1372565.44,15.93,2.16
23	31,1541.48,18.49,1787.02,49.73,8.41
230	99940,1978045.93,306806.42,2924773.29,19.79,2.82
231	46294,986404.63,108270.63,1370724.65,21.31,3.25
232	11356,267841.39,8681.37,338946.49,23.59,3.96
233	36551,659715.99,82667.49,964978.32,18.05,2.64
234	89555,1476560.55,215128.11,2224100.21,16.49,2.14
235	1275,40880.79,54.24,44734.99,32.06,7.55
236	144499,2130271.21,364910.90,3242596.78,14.74,1.98
237	151462,2077805.83,385273.07,3265060.95,13.72,1.77
238	67561,1096892.27,151522.19,1589303.59,16.24,2.43
239	91676,1433699.90,221887.99,2140502.08,15.64,2.23
24	10650,201876.57,18333.90,267348.01,18.96,3.07
240	151,5458.67,23.47,5946.50,36.15,9.04
241	957,31769.87,57.95,34676.35,33.20,8.02
242	791,26618.77,49.89,29534.21,33.65,8.29
243	4128,127181.29,1434.07,147969.06,30.81,6.99
244	9116,260543.26,5243.89,307551.56,28.58,6.22
245	12,668.74,0.00,793.80,55.73,14.69
246	59538,1121817.52,143191.85,1624284.34,18.84,2.48
247	1491,42166.63,255.07,47186.34,28.28,5.81
248	828,27342.04,29.12,30392.88,33.02,7.50
249	75665,1305850.19,163738.55,1910898.22,17.26,2.30
25	4063,124377.13,3142.58,144327.44,30.61,5.49
250	846,26026.32,67.76,29613.86,30.76,7.38
251	20,931.72,0.00,1201.72,46.59,9.05
252	319,10634.57,138.23,12342.43,33.34,7.69
253	19,827.29,29.40,942.92,43.54,6.85
254	1387,51138.61,109.59,56159.32,36.87,9.88
255	8718,246461.56,5091.16,296482.99,28.27,4.49
256	6671,192139.35,4250.81,227806.50,28.80,4.52
257	653,22362.27,278.62,26834.35,34.25,7.01
258	1156,35669.85,74.08,39716.61,30.86,6.31
259	769,30595.90,59.09,33137.87,39.79,10.96
26	1234,34010.25,63.18,36920.42,27.56,5.19
260	2747,75680.22,3368.78,90207.25,27.55,4.51
261	14165,358336.49,40295.77,486371.24,25.30,4.24
262	51528,878366.87,110501.35,1265670.58,17.05,2.63
263	69659,1089536.67,145184.32,1605181.75,15.64,2.41
27	8,396.97,7.48,475.35,49.62,13.65
28	1234,44974.27,1455.38,51425.21,36.45,7.04
29	629,22791.35,26.53,24195.77,36.23,9.13
3	470,16873.44,81.05,18519.57,35.90,9.40
30	23,643.89,0.00,734.07,28.00,5.88
31	82,2845.33,42.39,3269.98,34.70,8.39
32	666,23363.74,56.88,25653.19,35.08,8.78
33	4617,147468.79,4771.96,173951.89,31.94,5.49
34	577,19575.21,525.33,23056.95,33.93,5.28
35	2738,81388.38,44.95,87531.68,29.73,6.43
36	4171,123823.11,1476.69,146119.41,29.69,5.33
37	6662,209952.99,2180.96,243885.04,31.52,5.50
38	383,16812.80,28.38,18463.04,43.90,12.23
39	3208,101153.36,234.05,109092.01,31.53,6.65
4	15543,311944.39,13067.45,413899.09,20.07,3.18
40	1528,46577.74,1161.26,57564.47,30.48,5.26
41	16912,374527.43,13861.22,456525.31,22.15,3.86
42	13028,339240.09,3658.80,392863.43,26.04,5.17
43	40826,635983.62,116721.51,967837.14,15.58,2.13
44	1,85.15,0.00,86.65,85.15,22.71
45	8065,191363.81,11847.95,249510.09,23.73,3.99
46	52,2385.56,11.30,2682.20,45.88,12.93
47	827,26474.05,42.11,29006.56,32.01,7.43
48	77927,1333064.72,180328.65,1972279.26,17.11,2.56
49	3622,111666.59,1703.87,128555.53,30.83,5.34
5	3,72.50,0.00,77.50,24.17,3.97
50	23183,444646.03,33933.16,611752.11,19.18,2.87
51	1443,57007.72,71.41,62737.50,39.51,11.02
52	1397,42609.05,1809.89,51646.14,30.50,5.15
53	336,10920.42,428.30,12943.17,32.50,6.99
54	409,12951.27,239.52,15894.32,31.67,5.59
55	1535,60244.32,99.23,63276.82,39.25,10.43
56	1119,36595.75,808.21,42065.15,32.70,6.58
57	60,1839.76,25.10,2125.76,30.66,5.90
58	61,2378.10,30.45,2815.37,38.99,10.84
59	33,1147.63,2.00,1251.24,34.78,7.98
6	87,1937.18,3.00,3008.63,22.27,6.24
60	703,21688.43,51.18,24305.99,30.85,7.36
61	6699,208937.95,1879.43,232268.67,31.19,5.69
62	2036,61206.23,742.68,67721.01,30.06,5.37
63	1481,45073.43,79.57,49219.50,30.43,5.87
64	148,4567.52,110.33,5316.43,30.86,7.53
65	4083,122659.19,4272.15,144182.92,30.04,5.41
66	4127,125006.47,4176.40,149016.86,30.29,5.09
67	466,15169.28,247.71,17281.80,32.55,6.76
68	85306,1581479.26,227728.82,2321069.53,18.54,2.55
69	1760,53432.88,134.58,58164.52,30.36,6.54
7	9323,249719.76,4546.60,302103.29,26.79,5.16
70	6783,285634.50,54098.65,430819.22,42.11,8.88
71	2168,67388.22,216.15,72970.72,31.08,6.12
72	2589,76160.61,117.30,82438.68,29.42,5.54
73	170,4971.12,19.20,5759.46,29.24,6.42
74	15185,343952.40,10235.67,415415.58,22.65,4.27
75	28950,575949.35,40225.17,743371.71,19.89,3.43
76	5345,159291.47,265.23,172777.92,29.80,6.37
77	1369,42253.92,134.32,46013.08,30.86,6.79
78	1087,35766.24,813.01,40047.17,32.90,8.03
79	95866,1678337.87,175937.37,2410960.59,17.51,2.51
8	38,1430.11,157.15,1781.44,37.63,5.26
80	5643,163659.08,3547.07,194991.46,29.00,4.90
81	712,25836.55,37.54,28094.81,36.29,9.61
82	2663,69273.77,1333.57,80007.30,26.01,4.80
83	1065,30809.42,1209.82,36255.93,28.93,4.55
84	2,232.56,0.00,277.80,116.28,28.97
85	1560,48359.56,232.18,53401.30,31.00,6.09
86	1075,51196.99,73.06,53676.29,47.63,13.90
87	23002,573888.56,46083.45,759982.75,24.95,4.27
88	11471,308154.40,26240.09,404979.09,26.86,4.69
89	3988,129935.23,870.56,146196.77,32.58,6.71
9	174,5562.90,58.76,6374.82,31.97,7.79
90	51664,841926.45,115826.75,1259688.56,16.30,2.22
91	2321,72177.67,167.59,77666.00,31.10,6.50
92	1225,37739.28,234.52,43121.92,30.81,7.15
93	409,24578.11,3146.77,30069.07,60.09,7.84
94	454,15245.48,1.00,16484.48,33.58,8.18
95	2348,69574.73,836.92,80112.80,29.63,6.04
96	86,3153.24,50.93,3426.21,36.67,6.10
97	5172,153798.97,3697.51,177396.23,29.74,5.24
98	237,8220.07,102.69,9184.51,34.68,8.22
99	1,123.00,0.00,124.00,123.00,0.43
